-5 0.87 0.82 0.85 0.83 0.88 0.86 0.85 0.85 0.85 
-4.99 0.87 0.83 0.85 0.83 0.88 0.86 0.85 0.85 0.85 
-4.98 0.87 0.83 0.85 0.84 0.88 0.86 0.85 0.85 0.85 
-4.97 0.87 0.83 0.85 0.84 0.88 0.86 0.85 0.85 0.85 
-4.96 0.87 0.83 0.85 0.84 0.88 0.86 0.85 0.85 0.85 
-4.95 0.87 0.83 0.85 0.84 0.88 0.86 0.86 0.85 0.85 
-4.94 0.87 0.83 0.85 0.84 0.88 0.86 0.86 0.85 0.85 
-4.93 0.87 0.83 0.85 0.84 0.88 0.86 0.86 0.85 0.85 
-4.92 0.87 0.83 0.85 0.84 0.88 0.86 0.86 0.85 0.85 
-4.91 0.87 0.83 0.85 0.84 0.88 0.86 0.86 0.85 0.85 
-4.9 0.87 0.83 0.85 0.84 0.88 0.86 0.86 0.85 0.85 
-4.89 0.87 0.83 0.85 0.84 0.88 0.86 0.86 0.85 0.85 
-4.88 0.87 0.83 0.85 0.84 0.88 0.86 0.86 0.85 0.85 
-4.87 0.87 0.83 0.85 0.84 0.88 0.86 0.86 0.85 0.85 
-4.86 0.87 0.83 0.85 0.84 0.88 0.86 0.86 0.85 0.85 
-4.85 0.87 0.83 0.85 0.84 0.88 0.86 0.86 0.85 0.85 
-4.84 0.87 0.83 0.85 0.84 0.88 0.86 0.86 0.85 0.85 
-4.83 0.87 0.83 0.85 0.84 0.88 0.86 0.86 0.85 0.85 
-4.82 0.87 0.83 0.85 0.84 0.88 0.86 0.85 0.85 0.85 
-4.81 0.87 0.83 0.85 0.84 0.88 0.86 0.85 0.85 0.85 
-4.8 0.87 0.83 0.85 0.84 0.88 0.86 0.86 0.85 0.85 
-4.79 0.87 0.83 0.85 0.84 0.87 0.86 0.85 0.85 0.85 
-4.78 0.87 0.83 0.85 0.84 0.87 0.86 0.86 0.85 0.85 
-4.77 0.87 0.83 0.85 0.84 0.87 0.86 0.86 0.85 0.85 
-4.76 0.87 0.84 0.85 0.84 0.87 0.86 0.86 0.85 0.85 
-4.75 0.87 0.84 0.85 0.84 0.87 0.86 0.86 0.85 0.85 
-4.74 0.87 0.84 0.85 0.84 0.87 0.86 0.86 0.85 0.85 
-4.73 0.87 0.84 0.85 0.84 0.87 0.86 0.86 0.85 0.85 
-4.72 0.87 0.84 0.85 0.84 0.87 0.86 0.86 0.85 0.85 
-4.71 0.87 0.84 0.85 0.84 0.87 0.86 0.86 0.86 0.86 
-4.7 0.87 0.84 0.85 0.84 0.87 0.86 0.86 0.85 0.85 
-4.69 0.87 0.84 0.85 0.84 0.87 0.86 0.86 0.86 0.86 
-4.68 0.87 0.84 0.85 0.84 0.87 0.86 0.86 0.86 0.86 
-4.67 0.87 0.84 0.85 0.84 0.87 0.86 0.86 0.86 0.86 
-4.66 0.87 0.84 0.85 0.84 0.87 0.86 0.86 0.86 0.86 
-4.65 0.87 0.84 0.85 0.85 0.87 0.86 0.86 0.86 0.86 
-4.64 0.87 0.84 0.85 0.85 0.87 0.86 0.86 0.86 0.86 
-4.63 0.87 0.84 0.85 0.85 0.87 0.86 0.86 0.86 0.86 
-4.62 0.87 0.84 0.85 0.85 0.87 0.86 0.86 0.86 0.86 
-4.61 0.87 0.84 0.85 0.85 0.87 0.86 0.86 0.86 0.86 
-4.6 0.87 0.84 0.85 0.85 0.87 0.86 0.86 0.86 0.86 
-4.59 0.87 0.84 0.85 0.85 0.87 0.86 0.86 0.86 0.86 
-4.58 0.87 0.84 0.85 0.85 0.87 0.86 0.86 0.86 0.86 
-4.57 0.87 0.84 0.85 0.85 0.87 0.86 0.86 0.86 0.86 
-4.56 0.87 0.84 0.85 0.85 0.87 0.86 0.86 0.86 0.86 
-4.55 0.87 0.84 0.86 0.85 0.87 0.86 0.86 0.86 0.86 
-4.54 0.87 0.84 0.86 0.85 0.87 0.86 0.86 0.86 0.86 
-4.53 0.87 0.84 0.86 0.85 0.87 0.86 0.86 0.86 0.86 
-4.52 0.87 0.85 0.86 0.85 0.87 0.86 0.86 0.86 0.86 
-4.51 0.87 0.85 0.86 0.85 0.87 0.86 0.86 0.86 0.86 
-4.5 0.87 0.85 0.86 0.85 0.87 0.86 0.86 0.86 0.86 
-4.49 0.87 0.85 0.86 0.85 0.87 0.86 0.86 0.86 0.86 
-4.48 0.87 0.85 0.86 0.85 0.87 0.86 0.86 0.86 0.86 
-4.47 0.87 0.85 0.86 0.85 0.87 0.86 0.86 0.86 0.86 
-4.46 0.86 0.85 0.86 0.85 0.87 0.86 0.86 0.86 0.86 
-4.45 0.86 0.85 0.86 0.85 0.87 0.86 0.86 0.86 0.86 
-4.44 0.86 0.85 0.86 0.85 0.87 0.86 0.86 0.86 0.86 
-4.43 0.86 0.85 0.86 0.85 0.87 0.86 0.86 0.86 0.86 
-4.42 0.86 0.85 0.86 0.85 0.87 0.86 0.86 0.86 0.86 
-4.41 0.86 0.85 0.86 0.85 0.87 0.86 0.86 0.86 0.86 
-4.4 0.86 0.85 0.86 0.85 0.87 0.86 0.86 0.86 0.86 
-4.39 0.86 0.85 0.86 0.85 0.87 0.86 0.86 0.86 0.86 
-4.38 0.86 0.85 0.86 0.85 0.87 0.86 0.86 0.86 0.86 
-4.37 0.86 0.85 0.86 0.85 0.87 0.86 0.86 0.86 0.86 
-4.36 0.86 0.85 0.86 0.85 0.86 0.86 0.86 0.86 0.86 
-4.35 0.86 0.85 0.86 0.85 0.86 0.86 0.86 0.86 0.86 
-4.34 0.86 0.85 0.86 0.85 0.86 0.86 0.86 0.86 0.86 
-4.33 0.86 0.85 0.86 0.85 0.86 0.86 0.86 0.86 0.86 
-4.32 0.86 0.85 0.86 0.86 0.86 0.86 0.86 0.86 0.86 
-4.31 0.86 0.85 0.86 0.86 0.86 0.86 0.86 0.86 0.86 
-4.3 0.86 0.85 0.86 0.86 0.86 0.86 0.86 0.86 0.86 
-4.29 0.86 0.86 0.86 0.86 0.86 0.86 0.86 0.86 0.86 
-4.28 0.86 0.86 0.86 0.86 0.86 0.86 0.86 0.86 0.86 
-4.27 0.86 0.86 0.86 0.86 0.86 0.86 0.86 0.86 0.86 
-4.26 0.86 0.86 0.86 0.86 0.86 0.86 0.86 0.86 0.86 
-4.25 0.86 0.86 0.86 0.86 0.86 0.86 0.86 0.86 0.86 
-4.24 0.86 0.86 0.86 0.86 0.86 0.86 0.86 0.86 0.86 
-4.23 0.86 0.86 0.86 0.86 0.86 0.86 0.86 0.86 0.86 
-4.22 0.86 0.86 0.86 0.86 0.86 0.86 0.86 0.86 0.86 
-4.21 0.86 0.86 0.86 0.86 0.86 0.86 0.86 0.86 0.86 
-4.2 0.86 0.86 0.86 0.86 0.86 0.86 0.86 0.86 0.86 
-4.19 0.86 0.86 0.86 0.86 0.86 0.86 0.86 0.86 0.86 
-4.18 0.86 0.86 0.86 0.86 0.86 0.86 0.86 0.86 0.86 
-4.17 0.86 0.86 0.86 0.86 0.86 0.86 0.86 0.86 0.86 
-4.16 0.86 0.86 0.86 0.86 0.86 0.86 0.86 0.86 0.86 
-4.15 0.86 0.86 0.86 0.86 0.86 0.86 0.86 0.86 0.86 
-4.14 0.86 0.86 0.86 0.86 0.86 0.86 0.86 0.86 0.86 
-4.13 0.86 0.86 0.86 0.86 0.86 0.86 0.86 0.86 0.86 
-4.12 0.86 0.86 0.86 0.86 0.86 0.86 0.86 0.86 0.86 
-4.11 0.86 0.86 0.86 0.86 0.86 0.86 0.86 0.86 0.86 
-4.1 0.86 0.86 0.86 0.86 0.86 0.86 0.86 0.86 0.86 
-4.09 0.86 0.86 0.86 0.86 0.86 0.86 0.86 0.86 0.86 
-4.08 0.86 0.86 0.86 0.86 0.86 0.86 0.86 0.86 0.86 
-4.07 0.86 0.86 0.86 0.86 0.85 0.86 0.86 0.86 0.86 
-4.06 0.86 0.86 0.86 0.86 0.85 0.86 0.86 0.86 0.86 
-4.05 0.86 0.86 0.86 0.86 0.85 0.86 0.86 0.86 0.86 
-4.04 0.86 0.86 0.86 0.86 0.85 0.86 0.86 0.86 0.86 
-4.03 0.86 0.86 0.86 0.86 0.85 0.86 0.86 0.86 0.86 
-4.02 0.86 0.86 0.86 0.86 0.85 0.86 0.86 0.86 0.86 
-4.01 0.86 0.86 0.86 0.86 0.85 0.86 0.86 0.86 0.86 
-4.0 0.86 0.87 0.86 0.86 0.85 0.86 0.86 0.86 0.86 
-3.99 0.86 0.87 0.86 0.86 0.85 0.86 0.86 0.86 0.86 
-3.98 0.85 0.87 0.86 0.86 0.85 0.86 0.86 0.86 0.86 
-3.97 0.85 0.87 0.86 0.86 0.85 0.86 0.86 0.86 0.86 
-3.96 0.85 0.87 0.86 0.86 0.85 0.86 0.86 0.86 0.86 
-3.95 0.85 0.87 0.86 0.86 0.85 0.86 0.86 0.86 0.86 
-3.94 0.85 0.87 0.86 0.87 0.85 0.86 0.86 0.86 0.86 
-3.93 0.85 0.87 0.86 0.86 0.85 0.86 0.86 0.86 0.86 
-3.92 0.85 0.87 0.86 0.86 0.85 0.86 0.86 0.86 0.86 
-3.91 0.85 0.87 0.86 0.87 0.85 0.86 0.86 0.86 0.86 
-3.9 0.85 0.87 0.86 0.87 0.85 0.86 0.86 0.86 0.86 
-3.89 0.85 0.87 0.86 0.87 0.85 0.86 0.86 0.86 0.86 
-3.88 0.85 0.87 0.86 0.87 0.85 0.86 0.86 0.86 0.86 
-3.87 0.85 0.87 0.86 0.87 0.85 0.86 0.86 0.86 0.86 
-3.86 0.85 0.87 0.86 0.87 0.85 0.86 0.86 0.86 0.86 
-3.85 0.85 0.87 0.86 0.87 0.85 0.86 0.86 0.86 0.86 
-3.84 0.85 0.87 0.86 0.87 0.85 0.86 0.86 0.86 0.86 
-3.83 0.85 0.87 0.86 0.87 0.85 0.86 0.86 0.86 0.86 
-3.82 0.85 0.87 0.86 0.87 0.85 0.86 0.86 0.86 0.86 
-3.81 0.85 0.87 0.86 0.87 0.84 0.86 0.86 0.86 0.86 
-3.8 0.85 0.87 0.86 0.87 0.84 0.86 0.86 0.86 0.86 
-3.79 0.85 0.87 0.86 0.87 0.84 0.86 0.86 0.86 0.86 
-3.78 0.85 0.87 0.86 0.87 0.84 0.86 0.86 0.86 0.86 
-3.77 0.85 0.87 0.86 0.87 0.84 0.86 0.86 0.86 0.86 
-3.76 0.85 0.87 0.86 0.87 0.84 0.86 0.86 0.86 0.86 
-3.75 0.85 0.87 0.86 0.87 0.84 0.86 0.86 0.86 0.86 
-3.74 0.85 0.87 0.86 0.87 0.84 0.86 0.86 0.86 0.86 
-3.73 0.85 0.87 0.86 0.87 0.84 0.85 0.86 0.86 0.86 
-3.72 0.85 0.87 0.86 0.87 0.84 0.85 0.86 0.86 0.86 
-3.71 0.85 0.87 0.86 0.87 0.84 0.85 0.86 0.86 0.86 
-3.7 0.84 0.87 0.86 0.87 0.84 0.85 0.86 0.86 0.86 
-3.69 0.84 0.88 0.86 0.87 0.84 0.85 0.86 0.86 0.86 
-3.68 0.84 0.88 0.86 0.87 0.84 0.85 0.86 0.86 0.86 
-3.67 0.84 0.88 0.86 0.87 0.84 0.85 0.86 0.86 0.86 
-3.66 0.84 0.88 0.86 0.87 0.84 0.85 0.86 0.86 0.86 
-3.65 0.84 0.88 0.86 0.87 0.84 0.85 0.86 0.86 0.86 
-3.64 0.84 0.88 0.86 0.87 0.84 0.85 0.86 0.86 0.86 
-3.63 0.84 0.88 0.86 0.87 0.84 0.85 0.86 0.86 0.86 
-3.62 0.84 0.88 0.86 0.87 0.84 0.85 0.86 0.86 0.86 
-3.61 0.84 0.88 0.86 0.87 0.84 0.85 0.86 0.86 0.86 
-3.6 0.84 0.88 0.86 0.87 0.84 0.85 0.86 0.86 0.86 
-3.59 0.84 0.88 0.86 0.87 0.84 0.85 0.86 0.86 0.86 
-3.58 0.84 0.88 0.86 0.87 0.83 0.85 0.86 0.86 0.86 
-3.57 0.84 0.88 0.86 0.87 0.83 0.85 0.86 0.86 0.86 
-3.56 0.84 0.88 0.86 0.87 0.83 0.85 0.86 0.86 0.86 
-3.55 0.84 0.88 0.86 0.87 0.83 0.85 0.86 0.86 0.86 
-3.54 0.84 0.88 0.86 0.87 0.83 0.85 0.86 0.86 0.86 
-3.53 0.84 0.88 0.86 0.87 0.83 0.85 0.86 0.86 0.86 
-3.52 0.84 0.88 0.86 0.87 0.83 0.85 0.86 0.85 0.85 
-3.51 0.84 0.88 0.86 0.87 0.83 0.85 0.86 0.85 0.85 
-3.5 0.84 0.88 0.86 0.87 0.83 0.85 0.86 0.85 0.85 
-3.49 0.84 0.88 0.86 0.87 0.83 0.85 0.86 0.85 0.85 
-3.48 0.84 0.88 0.86 0.87 0.83 0.85 0.86 0.85 0.85 
-3.47 0.84 0.88 0.86 0.87 0.83 0.85 0.86 0.85 0.85 
-3.46 0.84 0.88 0.86 0.87 0.83 0.85 0.86 0.85 0.85 
-3.45 0.84 0.88 0.86 0.88 0.83 0.85 0.86 0.85 0.85 
-3.44 0.84 0.88 0.86 0.88 0.83 0.85 0.86 0.85 0.85 
-3.43 0.84 0.88 0.86 0.88 0.83 0.85 0.86 0.85 0.85 
-3.42 0.84 0.88 0.86 0.88 0.83 0.85 0.86 0.85 0.85 
-3.41 0.84 0.88 0.86 0.88 0.83 0.85 0.86 0.85 0.85 
-3.4 0.84 0.88 0.86 0.88 0.83 0.85 0.86 0.85 0.85 
-3.39 0.84 0.88 0.86 0.88 0.83 0.85 0.86 0.85 0.85 
-3.38 0.83 0.88 0.86 0.88 0.82 0.85 0.86 0.85 0.85 
-3.37 0.83 0.88 0.86 0.88 0.82 0.85 0.86 0.85 0.85 
-3.36 0.83 0.89 0.86 0.88 0.82 0.85 0.86 0.85 0.85 
-3.35 0.83 0.89 0.86 0.88 0.82 0.85 0.86 0.85 0.85 
-3.34 0.83 0.89 0.86 0.88 0.82 0.85 0.86 0.86 0.86 
-3.33 0.83 0.89 0.86 0.88 0.82 0.85 0.86 0.86 0.86 
-3.32 0.83 0.89 0.86 0.88 0.82 0.85 0.86 0.86 0.86 
-3.31 0.83 0.89 0.86 0.88 0.82 0.85 0.86 0.86 0.86 
-3.3 0.83 0.89 0.86 0.88 0.82 0.85 0.86 0.85 0.85 
-3.29 0.83 0.89 0.86 0.88 0.82 0.85 0.86 0.85 0.85 
-3.28 0.83 0.89 0.86 0.88 0.82 0.85 0.86 0.85 0.85 
-3.27 0.83 0.89 0.86 0.88 0.82 0.85 0.86 0.85 0.85 
-3.26 0.83 0.89 0.86 0.88 0.82 0.85 0.86 0.85 0.85 
-3.25 0.83 0.89 0.86 0.88 0.82 0.85 0.86 0.85 0.85 
-3.24 0.83 0.89 0.86 0.88 0.82 0.85 0.86 0.85 0.85 
-3.23 0.83 0.89 0.86 0.88 0.82 0.85 0.86 0.85 0.85 
-3.22 0.83 0.89 0.86 0.88 0.82 0.85 0.86 0.85 0.85 
-3.21 0.83 0.89 0.86 0.88 0.82 0.85 0.86 0.85 0.85 
-3.2 0.83 0.89 0.86 0.88 0.82 0.85 0.86 0.85 0.85 
-3.19 0.83 0.89 0.86 0.88 0.82 0.85 0.86 0.85 0.85 
-3.18 0.83 0.89 0.86 0.88 0.82 0.85 0.86 0.85 0.85 
-3.17 0.83 0.89 0.86 0.88 0.82 0.85 0.86 0.85 0.85 
-3.16 0.83 0.89 0.86 0.88 0.82 0.85 0.86 0.85 0.85 
-3.15 0.83 0.89 0.86 0.88 0.81 0.85 0.86 0.85 0.85 
-3.14 0.83 0.89 0.86 0.88 0.81 0.85 0.86 0.85 0.85 
-3.13 0.83 0.89 0.86 0.88 0.81 0.85 0.86 0.85 0.85 
-3.12 0.83 0.89 0.86 0.88 0.81 0.85 0.86 0.85 0.85 
-3.11 0.83 0.89 0.86 0.88 0.81 0.85 0.86 0.85 0.85 
-3.1 0.83 0.89 0.86 0.89 0.81 0.85 0.86 0.85 0.85 
-3.09 0.83 0.9 0.86 0.89 0.81 0.85 0.86 0.85 0.85 
-3.08 0.83 0.9 0.86 0.89 0.81 0.85 0.86 0.85 0.85 
-3.07 0.83 0.9 0.86 0.89 0.81 0.85 0.86 0.85 0.85 
-3.06 0.83 0.9 0.86 0.89 0.81 0.85 0.86 0.85 0.85 
-3.05 0.83 0.9 0.86 0.89 0.81 0.85 0.86 0.85 0.85 
-3.04 0.82 0.9 0.86 0.89 0.81 0.85 0.86 0.85 0.85 
-3.03 0.82 0.9 0.86 0.89 0.81 0.85 0.86 0.85 0.85 
-3.02 0.82 0.9 0.86 0.89 0.81 0.85 0.86 0.85 0.85 
-3.01 0.82 0.9 0.86 0.89 0.81 0.85 0.86 0.85 0.85 
-3.0 0.82 0.9 0.86 0.89 0.81 0.85 0.86 0.85 0.85 
-2.99 0.82 0.9 0.86 0.89 0.81 0.85 0.86 0.85 0.85 
-2.98 0.82 0.9 0.86 0.89 0.81 0.85 0.85 0.85 0.85 
-2.97 0.82 0.9 0.86 0.89 0.81 0.84 0.85 0.85 0.85 
-2.96 0.82 0.9 0.86 0.89 0.81 0.85 0.86 0.85 0.85 
-2.95 0.82 0.9 0.86 0.89 0.81 0.85 0.86 0.85 0.85 
-2.94 0.82 0.9 0.86 0.89 0.81 0.84 0.86 0.85 0.85 
-2.93 0.82 0.9 0.86 0.89 0.8 0.84 0.85 0.85 0.85 
-2.92 0.82 0.9 0.86 0.89 0.8 0.84 0.85 0.85 0.85 
-2.91 0.82 0.9 0.86 0.89 0.8 0.84 0.85 0.85 0.85 
-2.9 0.82 0.9 0.86 0.89 0.8 0.84 0.85 0.85 0.85 
-2.89 0.82 0.9 0.86 0.89 0.8 0.84 0.85 0.85 0.85 
-2.88 0.82 0.9 0.86 0.89 0.8 0.84 0.85 0.85 0.85 
-2.87 0.82 0.9 0.86 0.89 0.8 0.84 0.85 0.85 0.85 
-2.86 0.82 0.9 0.86 0.89 0.8 0.84 0.85 0.85 0.85 
-2.85 0.82 0.9 0.86 0.89 0.8 0.84 0.85 0.85 0.85 
-2.84 0.82 0.9 0.86 0.89 0.8 0.84 0.85 0.85 0.85 
-2.83 0.82 0.9 0.86 0.89 0.8 0.84 0.86 0.85 0.85 
-2.82 0.82 0.9 0.86 0.89 0.8 0.84 0.86 0.85 0.85 
-2.81 0.82 0.9 0.86 0.89 0.8 0.84 0.86 0.85 0.85 
-2.8 0.82 0.9 0.86 0.89 0.8 0.84 0.86 0.85 0.85 
-2.79 0.82 0.9 0.86 0.89 0.8 0.84 0.86 0.85 0.85 
-2.78 0.82 0.9 0.86 0.89 0.8 0.84 0.86 0.85 0.85 
-2.77 0.82 0.91 0.86 0.89 0.8 0.84 0.85 0.85 0.85 
-2.76 0.82 0.91 0.86 0.89 0.8 0.84 0.85 0.85 0.85 
-2.75 0.82 0.91 0.86 0.89 0.79 0.84 0.85 0.85 0.85 
-2.74 0.81 0.91 0.86 0.89 0.79 0.84 0.85 0.85 0.85 
-2.73 0.81 0.91 0.86 0.89 0.79 0.84 0.85 0.85 0.85 
-2.72 0.81 0.91 0.86 0.9 0.79 0.84 0.85 0.85 0.85 
-2.71 0.81 0.91 0.86 0.9 0.79 0.84 0.85 0.85 0.85 
-2.7 0.81 0.91 0.86 0.9 0.79 0.84 0.85 0.85 0.85 
-2.69 0.81 0.91 0.86 0.9 0.79 0.84 0.85 0.85 0.85 
-2.68 0.81 0.91 0.86 0.9 0.79 0.84 0.85 0.85 0.85 
-2.67 0.81 0.91 0.86 0.9 0.79 0.84 0.85 0.85 0.85 
-2.66 0.81 0.91 0.86 0.9 0.79 0.84 0.85 0.85 0.85 
-2.65 0.81 0.91 0.86 0.9 0.79 0.84 0.85 0.85 0.85 
-2.64 0.81 0.91 0.86 0.9 0.79 0.84 0.86 0.85 0.85 
-2.63 0.81 0.91 0.86 0.9 0.79 0.84 0.85 0.85 0.85 
-2.62 0.81 0.91 0.86 0.9 0.79 0.84 0.86 0.85 0.85 
-2.61 0.81 0.91 0.86 0.9 0.79 0.84 0.85 0.85 0.85 
-2.6 0.81 0.91 0.86 0.9 0.79 0.84 0.86 0.85 0.85 
-2.59 0.81 0.91 0.86 0.9 0.79 0.84 0.85 0.85 0.85 
-2.58 0.81 0.91 0.86 0.9 0.79 0.84 0.85 0.85 0.85 
-2.57 0.81 0.91 0.86 0.9 0.79 0.84 0.85 0.85 0.85 
-2.56 0.81 0.91 0.86 0.9 0.79 0.84 0.85 0.85 0.85 
-2.55 0.81 0.91 0.86 0.9 0.79 0.84 0.85 0.85 0.85 
-2.54 0.81 0.91 0.86 0.9 0.79 0.84 0.85 0.85 0.85 
-2.53 0.81 0.91 0.86 0.9 0.79 0.84 0.85 0.85 0.85 
-2.52 0.81 0.91 0.86 0.9 0.78 0.84 0.85 0.85 0.85 
-2.51 0.81 0.91 0.86 0.9 0.78 0.84 0.85 0.85 0.85 
-2.5 0.81 0.91 0.86 0.9 0.78 0.84 0.85 0.85 0.85 
-2.49 0.81 0.91 0.86 0.9 0.78 0.84 0.85 0.85 0.85 
-2.48 0.81 0.91 0.86 0.9 0.78 0.84 0.85 0.85 0.85 
-2.47 0.81 0.91 0.86 0.9 0.78 0.84 0.85 0.85 0.85 
-2.46 0.81 0.91 0.86 0.9 0.78 0.84 0.85 0.85 0.85 
-2.45 0.81 0.91 0.86 0.9 0.78 0.84 0.85 0.85 0.85 
-2.44 0.81 0.91 0.86 0.9 0.78 0.84 0.85 0.85 0.85 
-2.43 0.81 0.91 0.86 0.9 0.78 0.84 0.85 0.85 0.85 
-2.42 0.81 0.91 0.86 0.9 0.78 0.84 0.85 0.85 0.85 
-2.41 0.81 0.91 0.86 0.9 0.78 0.84 0.85 0.85 0.85 
-2.4 0.81 0.92 0.86 0.9 0.78 0.84 0.85 0.85 0.85 
-2.39 0.81 0.92 0.86 0.9 0.78 0.84 0.85 0.85 0.85 
-2.38 0.81 0.92 0.86 0.9 0.78 0.84 0.85 0.85 0.85 
-2.37 0.81 0.92 0.86 0.9 0.78 0.84 0.85 0.85 0.85 
-2.36 0.81 0.92 0.86 0.9 0.78 0.84 0.85 0.85 0.85 
-2.35 0.81 0.92 0.86 0.9 0.78 0.84 0.85 0.85 0.85 
-2.34 0.81 0.92 0.86 0.9 0.78 0.84 0.85 0.85 0.85 
-2.33 0.8 0.92 0.86 0.9 0.78 0.84 0.85 0.85 0.85 
-2.32 0.8 0.92 0.86 0.9 0.78 0.84 0.85 0.85 0.85 
-2.31 0.8 0.92 0.86 0.91 0.78 0.84 0.86 0.85 0.85 
-2.3 0.8 0.92 0.86 0.91 0.78 0.84 0.86 0.85 0.85 
-2.29 0.8 0.92 0.86 0.91 0.78 0.84 0.86 0.85 0.85 
-2.28 0.8 0.92 0.86 0.91 0.78 0.84 0.86 0.85 0.85 
-2.27 0.8 0.92 0.86 0.91 0.78 0.84 0.86 0.85 0.85 
-2.26 0.8 0.92 0.86 0.91 0.77 0.84 0.86 0.85 0.85 
-2.25 0.8 0.92 0.86 0.91 0.77 0.84 0.86 0.85 0.85 
-2.24 0.8 0.92 0.86 0.91 0.77 0.84 0.86 0.85 0.85 
-2.23 0.8 0.92 0.86 0.91 0.77 0.84 0.86 0.85 0.85 
-2.22 0.8 0.92 0.86 0.91 0.77 0.84 0.86 0.85 0.85 
-2.21 0.8 0.92 0.86 0.91 0.77 0.84 0.86 0.85 0.85 
-2.2 0.8 0.92 0.86 0.91 0.77 0.84 0.86 0.85 0.85 
-2.19 0.8 0.92 0.86 0.91 0.77 0.84 0.86 0.85 0.85 
-2.18 0.8 0.92 0.86 0.91 0.77 0.84 0.86 0.85 0.85 
-2.17 0.8 0.92 0.86 0.91 0.77 0.84 0.86 0.85 0.85 
-2.16 0.8 0.92 0.86 0.91 0.77 0.84 0.86 0.85 0.85 
-2.15 0.8 0.92 0.86 0.91 0.77 0.84 0.86 0.85 0.85 
-2.14 0.8 0.93 0.86 0.91 0.77 0.84 0.86 0.85 0.85 
-2.13 0.8 0.93 0.86 0.91 0.77 0.83 0.86 0.85 0.85 
-2.12 0.8 0.93 0.86 0.91 0.77 0.83 0.86 0.85 0.85 
-2.11 0.8 0.93 0.86 0.91 0.77 0.83 0.86 0.85 0.85 
-2.1 0.8 0.93 0.86 0.91 0.77 0.83 0.86 0.85 0.85 
-2.09 0.8 0.93 0.86 0.91 0.77 0.83 0.86 0.85 0.85 
-2.08 0.8 0.93 0.86 0.91 0.77 0.83 0.86 0.85 0.85 
-2.07 0.8 0.93 0.86 0.91 0.77 0.83 0.86 0.85 0.85 
-2.06 0.8 0.93 0.86 0.91 0.77 0.83 0.86 0.85 0.85 
-2.05 0.8 0.93 0.86 0.91 0.77 0.83 0.86 0.85 0.85 
-2.04 0.8 0.93 0.86 0.91 0.77 0.83 0.86 0.85 0.85 
-2.03 0.8 0.93 0.86 0.91 0.77 0.83 0.86 0.85 0.85 
-2.02 0.8 0.93 0.86 0.91 0.77 0.83 0.86 0.85 0.85 
-2.01 0.8 0.93 0.86 0.91 0.77 0.83 0.86 0.85 0.85 
-2.0 0.8 0.93 0.86 0.91 0.76 0.83 0.86 0.85 0.85 
-1.99 0.8 0.93 0.86 0.91 0.76 0.83 0.86 0.85 0.85 
-1.98 0.8 0.93 0.86 0.91 0.76 0.83 0.86 0.85 0.85 
-1.97 0.8 0.93 0.86 0.91 0.76 0.83 0.86 0.85 0.84 
-1.96 0.8 0.93 0.86 0.91 0.76 0.83 0.86 0.85 0.84 
-1.95 0.8 0.93 0.86 0.91 0.76 0.83 0.86 0.85 0.84 
-1.94 0.79 0.93 0.86 0.91 0.76 0.83 0.85 0.84 0.84 
-1.93 0.79 0.93 0.86 0.91 0.76 0.83 0.85 0.84 0.84 
-1.92 0.79 0.93 0.86 0.92 0.76 0.83 0.86 0.84 0.84 
-1.91 0.79 0.93 0.86 0.92 0.76 0.83 0.86 0.84 0.84 
-1.9 0.79 0.93 0.86 0.92 0.76 0.83 0.85 0.84 0.84 
-1.89 0.79 0.93 0.86 0.92 0.76 0.83 0.85 0.84 0.84 
-1.88 0.79 0.93 0.86 0.92 0.76 0.83 0.85 0.84 0.84 
-1.87 0.79 0.93 0.86 0.92 0.75 0.83 0.85 0.84 0.84 
-1.86 0.79 0.93 0.86 0.92 0.75 0.83 0.85 0.84 0.84 
-1.85 0.79 0.93 0.86 0.92 0.75 0.83 0.85 0.84 0.84 
-1.84 0.79 0.93 0.86 0.92 0.75 0.83 0.85 0.84 0.84 
-1.83 0.79 0.93 0.86 0.92 0.75 0.83 0.85 0.84 0.84 
-1.82 0.79 0.93 0.86 0.92 0.75 0.83 0.85 0.84 0.84 
-1.81 0.79 0.93 0.86 0.92 0.75 0.83 0.85 0.84 0.84 
-1.8 0.79 0.93 0.86 0.92 0.75 0.83 0.85 0.84 0.84 
-1.79 0.79 0.93 0.86 0.92 0.75 0.83 0.85 0.84 0.84 
-1.78 0.79 0.93 0.86 0.92 0.75 0.83 0.85 0.84 0.84 
-1.77 0.79 0.93 0.86 0.92 0.75 0.83 0.85 0.84 0.84 
-1.76 0.79 0.93 0.85 0.92 0.75 0.83 0.85 0.84 0.84 
-1.75 0.79 0.93 0.85 0.92 0.75 0.82 0.85 0.84 0.84 
-1.74 0.79 0.94 0.85 0.92 0.75 0.82 0.85 0.84 0.84 
-1.73 0.79 0.94 0.85 0.92 0.75 0.82 0.85 0.84 0.84 
-1.72 0.79 0.94 0.86 0.92 0.75 0.82 0.85 0.84 0.84 
-1.71 0.79 0.94 0.86 0.92 0.75 0.83 0.85 0.84 0.84 
-1.7 0.79 0.94 0.86 0.92 0.75 0.82 0.85 0.84 0.84 
-1.69 0.79 0.94 0.86 0.92 0.75 0.82 0.85 0.84 0.84 
-1.68 0.79 0.94 0.85 0.92 0.74 0.82 0.85 0.84 0.84 
-1.67 0.79 0.94 0.85 0.92 0.74 0.82 0.85 0.84 0.84 
-1.66 0.79 0.94 0.85 0.92 0.74 0.82 0.85 0.84 0.84 
-1.65 0.79 0.94 0.85 0.92 0.74 0.82 0.85 0.84 0.84 
-1.64 0.79 0.94 0.85 0.92 0.74 0.82 0.85 0.84 0.84 
-1.63 0.78 0.94 0.85 0.92 0.74 0.82 0.85 0.84 0.84 
-1.62 0.78 0.94 0.85 0.92 0.74 0.82 0.85 0.84 0.84 
-1.61 0.78 0.94 0.85 0.92 0.74 0.82 0.85 0.84 0.84 
-1.6 0.78 0.94 0.85 0.92 0.74 0.82 0.85 0.84 0.84 
-1.59 0.78 0.94 0.85 0.92 0.74 0.82 0.85 0.84 0.84 
-1.58 0.78 0.94 0.85 0.92 0.74 0.82 0.85 0.84 0.84 
-1.57 0.78 0.94 0.85 0.92 0.74 0.82 0.85 0.84 0.84 
-1.56 0.78 0.94 0.85 0.92 0.74 0.82 0.85 0.84 0.84 
-1.55 0.78 0.94 0.85 0.92 0.74 0.82 0.85 0.84 0.84 
-1.54 0.78 0.94 0.85 0.92 0.74 0.82 0.85 0.84 0.84 
-1.53 0.78 0.94 0.85 0.92 0.74 0.82 0.85 0.84 0.84 
-1.52 0.78 0.94 0.85 0.92 0.73 0.82 0.85 0.84 0.84 
-1.51 0.78 0.94 0.85 0.92 0.73 0.82 0.85 0.84 0.84 
-1.5 0.78 0.94 0.85 0.92 0.73 0.82 0.85 0.84 0.84 
-1.49 0.78 0.94 0.85 0.92 0.73 0.82 0.85 0.84 0.84 
-1.48 0.78 0.94 0.85 0.93 0.73 0.82 0.85 0.84 0.84 
-1.47 0.78 0.94 0.85 0.93 0.73 0.82 0.85 0.84 0.83 
-1.46 0.78 0.94 0.85 0.93 0.73 0.82 0.85 0.84 0.83 
-1.45 0.78 0.94 0.85 0.93 0.73 0.82 0.85 0.84 0.83 
-1.44 0.78 0.94 0.85 0.93 0.73 0.82 0.85 0.84 0.83 
-1.43 0.78 0.94 0.85 0.93 0.73 0.82 0.85 0.84 0.83 
-1.42 0.78 0.94 0.85 0.93 0.73 0.82 0.85 0.84 0.83 
-1.41 0.78 0.94 0.85 0.93 0.73 0.82 0.85 0.84 0.83 
-1.4 0.78 0.94 0.85 0.93 0.73 0.82 0.85 0.84 0.83 
-1.39 0.78 0.94 0.85 0.93 0.73 0.82 0.85 0.84 0.83 
-1.38 0.78 0.94 0.85 0.93 0.73 0.82 0.85 0.84 0.83 
-1.37 0.78 0.95 0.85 0.93 0.73 0.82 0.85 0.84 0.83 
-1.36 0.78 0.95 0.85 0.93 0.73 0.82 0.85 0.84 0.83 
-1.35 0.77 0.95 0.85 0.93 0.72 0.81 0.85 0.84 0.83 
-1.34 0.77 0.95 0.85 0.93 0.72 0.81 0.85 0.83 0.83 
-1.33 0.77 0.95 0.85 0.93 0.72 0.81 0.85 0.84 0.83 
-1.32 0.77 0.95 0.85 0.93 0.72 0.81 0.85 0.83 0.83 
-1.31 0.77 0.95 0.85 0.93 0.72 0.81 0.85 0.83 0.83 
-1.3 0.77 0.95 0.85 0.93 0.72 0.81 0.85 0.83 0.83 
-1.29 0.77 0.95 0.85 0.93 0.72 0.81 0.85 0.83 0.83 
-1.28 0.77 0.95 0.85 0.93 0.72 0.81 0.85 0.83 0.83 
-1.27 0.77 0.95 0.85 0.93 0.72 0.81 0.85 0.83 0.83 
-1.26 0.77 0.95 0.85 0.93 0.72 0.81 0.85 0.83 0.83 
-1.25 0.77 0.95 0.85 0.93 0.72 0.81 0.85 0.83 0.83 
-1.24 0.77 0.95 0.85 0.93 0.72 0.81 0.85 0.83 0.83 
-1.23 0.77 0.95 0.85 0.93 0.72 0.81 0.85 0.83 0.83 
-1.22 0.77 0.95 0.85 0.93 0.72 0.81 0.85 0.83 0.83 
-1.21 0.77 0.95 0.85 0.93 0.72 0.81 0.85 0.83 0.83 
-1.2 0.77 0.95 0.85 0.93 0.72 0.81 0.85 0.83 0.83 
-1.19 0.77 0.95 0.85 0.93 0.72 0.81 0.85 0.83 0.83 
-1.18 0.77 0.95 0.85 0.93 0.72 0.81 0.85 0.83 0.83 
-1.17 0.77 0.95 0.85 0.93 0.71 0.81 0.85 0.83 0.83 
-1.16 0.77 0.95 0.85 0.93 0.71 0.81 0.85 0.83 0.83 
-1.15 0.77 0.95 0.85 0.93 0.71 0.81 0.85 0.83 0.83 
-1.14 0.77 0.95 0.85 0.93 0.71 0.81 0.85 0.83 0.83 
-1.13 0.77 0.95 0.85 0.93 0.71 0.81 0.85 0.83 0.83 
-1.12 0.77 0.95 0.85 0.93 0.71 0.81 0.85 0.83 0.83 
-1.11 0.77 0.95 0.85 0.93 0.71 0.81 0.85 0.83 0.83 
-1.1 0.77 0.95 0.85 0.94 0.71 0.81 0.85 0.83 0.83 
-1.09 0.77 0.95 0.85 0.94 0.71 0.81 0.85 0.83 0.83 
-1.08 0.77 0.95 0.85 0.94 0.71 0.81 0.85 0.83 0.83 
-1.07 0.77 0.95 0.85 0.93 0.71 0.81 0.85 0.83 0.83 
-1.06 0.77 0.95 0.85 0.93 0.71 0.81 0.85 0.83 0.83 
-1.05 0.77 0.95 0.85 0.94 0.71 0.81 0.85 0.83 0.83 
-1.04 0.77 0.95 0.85 0.94 0.71 0.81 0.85 0.83 0.83 
-1.03 0.76 0.95 0.85 0.94 0.71 0.81 0.85 0.83 0.83 
-1.02 0.76 0.95 0.85 0.94 0.71 0.81 0.85 0.83 0.83 
-1.01 0.76 0.95 0.85 0.94 0.71 0.81 0.85 0.83 0.83 
-1.0 0.76 0.95 0.85 0.94 0.71 0.81 0.85 0.83 0.83 
