-25 0.99 0.06 0.11 0.51 1.0 0.68 0.75 0.53 0.39 
-24.5 0.99 0.06 0.12 0.52 1.0 0.68 0.75 0.53 0.4 
-24.0 0.99 0.07 0.13 0.52 1.0 0.68 0.75 0.53 0.41 
-23.5 0.99 0.07 0.14 0.52 1.0 0.68 0.76 0.54 0.41 
-23.0 0.99 0.08 0.15 0.52 1.0 0.68 0.76 0.54 0.42 
-22.5 0.99 0.09 0.16 0.52 1.0 0.69 0.76 0.54 0.42 
-22.0 0.99 0.1 0.18 0.53 1.0 0.69 0.76 0.55 0.43 
-21.5 0.99 0.11 0.19 0.53 1.0 0.69 0.76 0.55 0.44 
-21.0 0.99 0.12 0.21 0.53 1.0 0.69 0.76 0.56 0.45 
-20.5 0.99 0.12 0.22 0.53 1.0 0.7 0.76 0.56 0.46 
-20.0 1.0 0.14 0.24 0.54 1.0 0.7 0.77 0.57 0.47 
-19.5 1.0 0.14 0.25 0.54 1.0 0.7 0.77 0.57 0.48 
-19.0 0.99 0.16 0.27 0.54 1.0 0.7 0.77 0.58 0.49 
-18.5 0.99 0.17 0.28 0.54 1.0 0.7 0.77 0.58 0.49 
-18.0 0.99 0.18 0.3 0.55 1.0 0.71 0.77 0.59 0.51 
-17.5 0.99 0.19 0.32 0.55 1.0 0.71 0.77 0.59 0.52 
-17.0 0.98 0.21 0.34 0.56 1.0 0.71 0.77 0.6 0.53 
-16.5 0.98 0.23 0.37 0.56 1.0 0.72 0.77 0.61 0.54 
-16.0 0.98 0.24 0.39 0.57 1.0 0.72 0.77 0.62 0.56 
-15.5 0.97 0.26 0.41 0.57 0.99 0.73 0.77 0.63 0.57 
-15.0 0.98 0.28 0.43 0.58 0.99 0.73 0.78 0.64 0.58 
-14.5 0.97 0.3 0.45 0.58 0.99 0.74 0.78 0.64 0.59 
-14.0 0.97 0.32 0.48 0.59 0.99 0.74 0.78 0.65 0.61 
-13.5 0.97 0.34 0.51 0.6 0.99 0.75 0.78 0.66 0.63 
-13.0 0.96 0.37 0.53 0.61 0.99 0.75 0.79 0.68 0.64 
-12.5 0.96 0.39 0.56 0.62 0.98 0.76 0.79 0.69 0.66 
-12.0 0.96 0.42 0.58 0.63 0.98 0.77 0.79 0.7 0.67 
-11.5 0.95 0.44 0.6 0.64 0.98 0.77 0.8 0.71 0.69 
-11.0 0.95 0.47 0.63 0.65 0.97 0.78 0.8 0.72 0.7 
-10.5 0.95 0.5 0.65 0.66 0.97 0.79 0.8 0.73 0.72 
-10.0 0.94 0.53 0.68 0.67 0.97 0.79 0.81 0.75 0.74 
-9.5 0.94 0.56 0.7 0.69 0.96 0.8 0.81 0.76 0.75 
-9.0 0.93 0.59 0.72 0.7 0.96 0.81 0.82 0.77 0.77 
-8.5 0.93 0.62 0.74 0.71 0.95 0.82 0.82 0.79 0.78 
-8.0 0.92 0.65 0.76 0.73 0.95 0.82 0.83 0.8 0.79 
-7.5 0.92 0.69 0.78 0.75 0.94 0.83 0.83 0.81 0.81 
-7.0 0.91 0.71 0.8 0.76 0.93 0.84 0.84 0.82 0.82 
-6.5 0.9 0.74 0.82 0.78 0.92 0.85 0.84 0.83 0.83 
-6.0 0.9 0.77 0.83 0.8 0.91 0.85 0.85 0.84 0.84 
-5.5 0.88 0.8 0.84 0.82 0.89 0.85 0.85 0.85 0.85 
-5.0 0.87 0.82 0.85 0.83 0.88 0.86 0.85 0.85 0.85 
-4.5 0.87 0.85 0.86 0.85 0.87 0.86 0.86 0.86 0.86 
-4.0 0.86 0.87 0.86 0.86 0.85 0.86 0.86 0.86 0.86 
-3.5 0.84 0.88 0.86 0.87 0.83 0.85 0.86 0.85 0.85 
-3.0 0.82 0.9 0.86 0.89 0.81 0.85 0.86 0.85 0.85 
-2.5 0.81 0.91 0.86 0.9 0.78 0.84 0.85 0.85 0.85 
-2.0 0.8 0.93 0.86 0.91 0.76 0.83 0.86 0.85 0.85 
-1.5 0.78 0.94 0.85 0.92 0.73 0.82 0.85 0.84 0.84 
-1.0 0.76 0.95 0.85 0.94 0.71 0.81 0.85 0.83 0.83 
-0.5 0.75 0.96 0.84 0.94 0.68 0.79 0.85 0.82 0.81 
0.0 0.73 0.97 0.83 0.95 0.65 0.77 0.84 0.81 0.8 
0.5 0.72 0.97 0.83 0.96 0.62 0.75 0.84 0.8 0.79 
1.0 0.7 0.98 0.82 0.96 0.59 0.73 0.83 0.78 0.77 
1.5 0.68 0.98 0.81 0.96 0.55 0.7 0.82 0.76 0.75 
2.0 0.67 0.99 0.8 0.97 0.52 0.67 0.82 0.75 0.74 
2.5 0.66 0.99 0.79 0.97 0.49 0.65 0.82 0.74 0.72 
3.0 0.64 0.99 0.78 0.98 0.45 0.62 0.81 0.72 0.7 
3.5 0.63 0.99 0.77 0.98 0.42 0.59 0.81 0.71 0.68 
4.0 0.62 0.99 0.76 0.99 0.39 0.56 0.8 0.69 0.66 
4.5 0.61 1.0 0.76 0.99 0.36 0.53 0.8 0.68 0.64 
5.0 0.6 1.0 0.75 0.99 0.34 0.5 0.8 0.67 0.63 
5.5 0.59 1.0 0.74 0.99 0.31 0.48 0.79 0.66 0.61 
6.0 0.58 1.0 0.74 0.99 0.29 0.45 0.79 0.64 0.59 
6.5 0.58 1.0 0.73 1.0 0.27 0.42 0.79 0.63 0.58 
7.0 0.57 1.0 0.72 0.99 0.24 0.39 0.78 0.62 0.56 
7.5 0.56 1.0 0.72 1.0 0.22 0.36 0.78 0.61 0.54 
8.0 0.55 1.0 0.71 0.99 0.2 0.33 0.77 0.6 0.52 
8.5 0.55 1.0 0.71 0.99 0.18 0.3 0.77 0.59 0.51 
9.0 0.54 1.0 0.71 1.0 0.17 0.28 0.77 0.58 0.49 
9.5 0.54 1.0 0.7 1.0 0.14 0.25 0.77 0.57 0.48 
10.0 0.53 1.0 0.7 1.0 0.13 0.23 0.77 0.56 0.46 
10.5 0.53 1.0 0.69 1.0 0.12 0.21 0.76 0.56 0.45 
11.0 0.53 1.0 0.69 1.0 0.11 0.19 0.76 0.55 0.44 
11.5 0.52 1.0 0.69 1.0 0.1 0.17 0.76 0.55 0.43 
12.0 0.52 1.0 0.69 1.0 0.08 0.15 0.76 0.54 0.42 
12.5 0.52 1.0 0.68 1.0 0.07 0.13 0.76 0.54 0.41 
13.0 0.52 1.0 0.68 1.0 0.06 0.12 0.76 0.53 0.4 
13.5 0.51 1.0 0.68 1.0 0.06 0.11 0.76 0.53 0.39 
14.0 0.51 1.0 0.68 1.0 0.05 0.09 0.76 0.52 0.39 
14.5 0.51 1.0 0.68 1.0 0.05 0.09 0.76 0.52 0.38 
15.0 0.51 1.0 0.68 1.0 0.04 0.08 0.76 0.52 0.38 
15.5 0.51 1.0 0.68 1.0 0.04 0.07 0.75 0.52 0.37 
