-16 0.49 0.15 0.23 0.5 0.85 0.63 0.5 0.5 0.43 
-15.5 0.49 0.15 0.23 0.5 0.85 0.63 0.5 0.5 0.43 
-15.0 0.49 0.15 0.23 0.5 0.85 0.63 0.5 0.5 0.43 
-14.5 0.49 0.15 0.23 0.5 0.85 0.63 0.5 0.5 0.43 
-14.0 0.49 0.15 0.23 0.5 0.85 0.63 0.5 0.5 0.43 
-13.5 0.49 0.15 0.23 0.5 0.85 0.63 0.5 0.5 0.43 
-13.0 0.49 0.15 0.23 0.5 0.85 0.63 0.5 0.5 0.43 
-12.5 0.49 0.15 0.23 0.5 0.85 0.63 0.5 0.5 0.43 
-12.0 0.49 0.15 0.23 0.5 0.85 0.63 0.5 0.5 0.43 
-11.5 0.49 0.15 0.23 0.5 0.85 0.63 0.5 0.5 0.43 
-11.0 0.49 0.15 0.23 0.5 0.85 0.63 0.5 0.5 0.43 
-10.5 0.49 0.15 0.23 0.5 0.85 0.63 0.5 0.5 0.43 
-10.0 0.49 0.15 0.23 0.5 0.85 0.63 0.5 0.5 0.43 
-9.5 0.49 0.15 0.23 0.5 0.85 0.63 0.5 0.5 0.43 
-9.0 0.49 0.15 0.23 0.5 0.85 0.63 0.5 0.5 0.43 
-8.5 0.49 0.15 0.23 0.5 0.85 0.63 0.5 0.5 0.43 
-8.0 0.49 0.15 0.23 0.5 0.85 0.63 0.5 0.5 0.43 
-7.5 0.49 0.15 0.23 0.5 0.85 0.63 0.5 0.5 0.43 
-7.0 0.49 0.15 0.23 0.5 0.85 0.63 0.5 0.5 0.43 
-6.5 0.49 0.15 0.23 0.5 0.85 0.63 0.5 0.5 0.43 
-6.0 0.49 0.15 0.23 0.5 0.85 0.63 0.5 0.5 0.43 
-5.5 0.49 0.15 0.23 0.5 0.85 0.63 0.5 0.5 0.43 
-5.0 0.49 0.15 0.23 0.5 0.85 0.63 0.5 0.5 0.43 
-4.5 0.49 0.15 0.23 0.5 0.85 0.63 0.5 0.5 0.43 
-4.0 0.49 0.15 0.23 0.5 0.85 0.63 0.5 0.5 0.43 
-3.5 0.49 0.15 0.23 0.5 0.85 0.63 0.5 0.5 0.43 
-3.0 0.49 0.15 0.23 0.5 0.85 0.63 0.5 0.5 0.43 
-2.5 0.49 0.15 0.23 0.5 0.85 0.63 0.5 0.5 0.43 
-2.0 0.49 0.15 0.23 0.5 0.85 0.63 0.5 0.5 0.43 
-1.5 0.49 0.15 0.23 0.5 0.85 0.63 0.5 0.5 0.43 
-1.0 0.49 0.15 0.23 0.5 0.85 0.63 0.5 0.5 0.43 
-0.5 0.49 0.15 0.23 0.5 0.85 0.63 0.5 0.5 0.43 
0.0 0.49 0.15 0.23 0.5 0.85 0.63 0.5 0.5 0.43 
0.5 0.49 0.15 0.23 0.5 0.85 0.63 0.5 0.5 0.43 
1.0 0.49 0.15 0.23 0.5 0.85 0.63 0.5 0.5 0.43 
1.5 0.49 0.15 0.23 0.5 0.85 0.63 0.5 0.5 0.43 
2.0 0.49 0.15 0.23 0.5 0.85 0.63 0.5 0.5 0.43 
2.5 0.49 0.15 0.23 0.5 0.85 0.63 0.5 0.5 0.43 
3.0 0.49 0.15 0.23 0.5 0.85 0.63 0.5 0.5 0.43 
3.5 0.49 0.15 0.23 0.5 0.85 0.63 0.5 0.5 0.43 
4.0 0.49 0.15 0.23 0.5 0.85 0.63 0.5 0.5 0.43 
4.5 0.49 0.15 0.23 0.5 0.85 0.63 0.5 0.5 0.43 
5.0 0.49 0.15 0.23 0.5 0.85 0.63 0.5 0.5 0.43 
5.5 0.49 0.15 0.23 0.5 0.85 0.63 0.5 0.5 0.43 
6.0 0.49 0.15 0.23 0.5 0.85 0.63 0.5 0.5 0.43 
6.5 0.49 0.15 0.23 0.5 0.85 0.63 0.5 0.5 0.43 
7.0 0.49 0.15 0.23 0.5 0.85 0.63 0.5 0.5 0.43 
7.5 0.49 0.15 0.23 0.5 0.85 0.63 0.5 0.5 0.43 
8.0 0.49 0.15 0.23 0.5 0.85 0.63 0.5 0.5 0.43 
8.5 0.49 0.15 0.23 0.5 0.85 0.63 0.5 0.5 0.43 
9.0 0.49 0.15 0.23 0.5 0.85 0.63 0.5 0.5 0.43 
9.5 0.49 0.15 0.23 0.5 0.85 0.63 0.5 0.5 0.43 
10.0 0.49 0.15 0.23 0.5 0.85 0.63 0.5 0.5 0.43 
10.5 0.49 0.15 0.23 0.5 0.85 0.63 0.5 0.5 0.43 
11.0 0.49 0.15 0.23 0.5 0.85 0.63 0.5 0.5 0.43 
11.5 0.49 0.15 0.23 0.5 0.85 0.63 0.5 0.5 0.43 
12.0 0.49 0.15 0.23 0.5 0.85 0.63 0.5 0.5 0.43 
12.5 0.49 0.15 0.23 0.5 0.85 0.63 0.5 0.5 0.43 
13.0 0.49 0.15 0.23 0.5 0.85 0.63 0.5 0.5 0.43 
13.5 0.49 0.15 0.23 0.5 0.85 0.63 0.5 0.5 0.43 
14.0 0.49 0.15 0.23 0.5 0.85 0.63 0.5 0.5 0.43 
14.5 0.49 0.15 0.23 0.5 0.85 0.63 0.5 0.5 0.43 
15.0 0.49 0.15 0.23 0.5 0.85 0.63 0.5 0.5 0.43 
15.5 0.49 0.15 0.23 0.5 0.85 0.63 0.5 0.5 0.43 
