-100 0.49 0.15 0.23 0.5 0.85 0.63 0.5 0.5 0.43 
-95 0.49 0.15 0.23 0.5 0.85 0.63 0.5 0.5 0.43 
-90 0.49 0.15 0.23 0.5 0.85 0.63 0.5 0.5 0.43 
-85 0.49 0.15 0.23 0.5 0.85 0.63 0.5 0.5 0.43 
-80 0.49 0.15 0.23 0.5 0.85 0.63 0.5 0.5 0.43 
-75 0.49 0.15 0.23 0.5 0.85 0.63 0.5 0.5 0.43 
-70 0.49 0.15 0.23 0.5 0.85 0.63 0.5 0.5 0.43 
-65 0.49 0.15 0.23 0.5 0.85 0.63 0.5 0.5 0.43 
-60 0.49 0.15 0.23 0.5 0.85 0.63 0.5 0.5 0.43 
-55 0.49 0.15 0.23 0.5 0.85 0.63 0.5 0.5 0.43 
-50 0.49 0.15 0.23 0.5 0.85 0.63 0.5 0.5 0.43 
-45 0.49 0.15 0.23 0.5 0.85 0.63 0.5 0.5 0.43 
-40 0.49 0.15 0.23 0.5 0.85 0.63 0.5 0.5 0.43 
-35 0.49 0.15 0.23 0.5 0.85 0.63 0.5 0.5 0.43 
-30 0.49 0.15 0.23 0.5 0.85 0.63 0.5 0.5 0.43 
-25 0.49 0.15 0.23 0.5 0.85 0.63 0.5 0.5 0.43 
-20 0.49 0.15 0.23 0.5 0.85 0.63 0.5 0.5 0.43 
-15 0.49 0.15 0.23 0.5 0.85 0.63 0.5 0.5 0.43 
-10 0.49 0.15 0.23 0.5 0.85 0.63 0.5 0.5 0.43 
-5 0.49 0.15 0.23 0.5 0.85 0.63 0.5 0.5 0.43 
0 0.49 0.15 0.23 0.5 0.85 0.63 0.5 0.5 0.43 
5 0.49 0.15 0.23 0.5 0.85 0.63 0.5 0.5 0.43 
10 0.49 0.15 0.23 0.5 0.85 0.63 0.5 0.5 0.43 
15 0.49 0.15 0.23 0.5 0.85 0.63 0.5 0.5 0.43 
20 0.49 0.15 0.23 0.5 0.85 0.63 0.5 0.5 0.43 
25 0.49 0.15 0.23 0.5 0.85 0.63 0.5 0.5 0.43 
30 0.49 0.15 0.23 0.5 0.85 0.63 0.5 0.5 0.43 
35 0.49 0.15 0.23 0.5 0.85 0.63 0.5 0.5 0.43 
40 0.49 0.15 0.23 0.5 0.85 0.63 0.5 0.5 0.43 
45 0.49 0.15 0.23 0.5 0.85 0.63 0.5 0.5 0.43 
50 0.49 0.15 0.23 0.5 0.85 0.63 0.5 0.5 0.43 
55 0.49 0.15 0.23 0.5 0.85 0.63 0.5 0.5 0.43 
60 0.49 0.15 0.23 0.5 0.85 0.63 0.5 0.5 0.43 
65 0.49 0.15 0.23 0.5 0.85 0.63 0.5 0.5 0.43 
70 0.49 0.15 0.23 0.5 0.85 0.63 0.5 0.5 0.43 
75 0.49 0.15 0.23 0.5 0.85 0.63 0.5 0.5 0.43 
80 0.49 0.15 0.23 0.5 0.85 0.63 0.5 0.5 0.43 
85 0.49 0.15 0.23 0.5 0.85 0.63 0.5 0.5 0.43 
90 0.49 0.15 0.23 0.5 0.85 0.63 0.5 0.5 0.43 
95 0.49 0.15 0.23 0.5 0.85 0.63 0.5 0.5 0.43 
