0 0.990620689655 0.993142857143
1 0.988620689655 0.992
2 0.988689655172 0.994571428571
3 0.985517241379 0.991428571429
4 0.975310344828 0.995714285714
5 0.966068965517 0.989142857143
6 0.956 0.988571428571
7 0.937103448276 0.982857142857
8 0.914551724138 0.975428571429
9 0.880827586207 0.975142857143
10 0.851103448276 0.955714285714
11 0.824344827586 0.964571428571
12 0.786206896552 0.947428571429
13 0.76475862069 0.936571428571
14 0.71475862069 0.923428571429
15 0.688620689655 0.920285714286
16 0.635724137931 0.905428571429
17 0.634551724138 0.904285714286
18 0.586137931034 0.898
19 0.552 0.886285714286
20 0.478068965517 0.848857142857
21 0.457379310345 0.845142857143
22 0.437931034483 0.861428571429
23 0.445172413793 0.858285714286
24 0.385586206897 0.833428571429
25 0.361586206897 0.818857142857
26 0.358206896552 0.841714285714
27 0.313379310345 0.832285714286
28 0.296 0.826571428571
29 0.239586206897 0.809714285714
30 0.240827586207 0.787428571429
31 0.230896551724 0.809428571429
32 0.217724137931 0.790571428571
33 0.19924137931 0.807714285714
34 0.193862068966 0.81
35 0.154620689655 0.787428571429
36 0.134 0.779142857143
37 0.096 0.805714285714
38 0.12324137931 0.812285714286
39 0.0691034482759 0.771428571429
40 0.115517241379 0.773428571429
41 0.0246206896552 0.766
42 0.0164827586207 0.751142857143
43 0.00572413793103 0.744
44 0.0108275862069 0.764285714286
45 0.00634482758621 0.744857142857
46 0.00131034482759 0.740285714286
47 0.000896551724138 0.742285714286
48 0.000758620689655 0.736
49 0.000689655172414 0.736285714286
